 8896.55,-4607.93,-7106.37
 6862.02,-2799.68,-8632.96
 7909.86,-3110.69,-8900.07
10005.19,-4572.32,-5379.58
 8544.42,-3451.30,-6845.50
 8126.56,-3821.25,-8450.98
 8300.88,-2149.53,-7451.28
10189.65,-3120.17,-4516.21
 9168.23,-2220.03,-6897.45
 9022.01,-3768.49,-7428.23
 9559.53,-3745.41,-5766.50
 7832.52,-3296.18,-7568.27
 7722.29,-4678.04,-8449.85
 7712.97,-6408.87,-8630.75
 8443.91,-6572.63,-7242.28
 8736.17,-4634.59,-5995.90
 7472.57,-3939.86,-8862.94
 7915.44,-3709.17,-8782.65
 9173.08,-2996.82,-7091.66
10898.57,-1952.79,-3974.47
10005.62,-5714.11,-6755.44
 8585.30,-5725.54,-10202.36
10711.84,-6948.71,-7526.54
10160.02,-6701.81,-6925.60
 8393.24,-5807.97,-8995.14
 9712.98,-4367.72,-7432.50
 9360.86,-4541.94,-7549.00
 9399.66,-5618.81,-6719.96
11519.99,-5795.91,-4783.89
11335.96,-5821.10,-5831.78
 9745.76,-6087.21,-7409.57
11244.58,-5522.92,-5981.31
11352.67,-7523.59,-5916.13
10963.10,-4228.51,-5172.97
12396.66,-6704.34,-5240.51
12772.43,-6438.67,-3402.26
11746.54,-5570.33,-4530.66
13689.50,-5484.66,-2650.65
11553.56,-4049.47,-4005.31
13791.37,-3870.51,-2133.88
12341.72,-5091.41,-4615.54
12430.58,-2826.00,-3958.37
14407.54, -897.78,-1861.66
13562.16,-3024.58,-4129.14
14364.41,-2314.62,-4501.20
15705.31,-3690.04,-5526.33
16913.83,-1509.30,-3965.86
14760.77,-1276.75,-8736.72
15480.38, 1352.19,-7080.13
15299.55, 1975.17,-9315.71
14599.32, 1562.42,-10239.66
15377.38,  461.25,-9403.75
12791.39, -582.16,-11771.91
13807.30, 1165.87,-9878.03
10788.21, -942.97,-13462.21
 9908.75, -307.79,-13689.59
11511.90, -173.87,-10690.93
11379.34, -159.48,-9985.04
 9256.62,-1157.16,-11109.87
 9488.02, -377.54,-10673.48
 9721.10,-2539.59,-8747.75
 6897.49, -747.80,-11100.72
 7071.08, -492.32,-11226.62
 7257.42, 1412.59,-10301.89
 6829.72,  -79.36,-10838.30
 6578.43,  102.40,-9566.04
 5598.31, 2685.47,-10116.42
 8091.44, 1434.84,-7277.88
 8707.27, 3459.19,-10439.55
 7893.51, 4514.52,-14232.05
 6415.37, 5271.26,-13682.99
 4019.36, 5546.20,-17253.38
 4959.43, 5708.41,-15779.72
 6755.10, 5835.01,-13676.96
 6628.20, 8352.66,-11536.43
 3469.65, 8085.05,-13342.32
 3467.25, 5672.35,-13345.05
 3931.06, 4923.38,-12478.47
 4278.44, 6182.96,-6987.77
 4039.52, 3592.29,-7669.60
 5338.96, 1719.40,-4095.32
 4858.75, 1498.44,-4322.17
 3788.41, 2139.76,-2719.38
 6737.73, 1602.81, 2619.73
 5658.92,  891.40, 2044.63
 5750.79,-2344.09, 2623.95
 6646.67,-3471.67, 6451.74
 6593.66,-3015.63, 8070.51
 4336.44,-5224.92, 4593.22
 5046.37,-3797.02, 6320.09
 4463.41,-7062.27, 5886.28
 6488.22,-7223.99, 7364.67
 5971.10,-4770.34, 7620.72
 4598.14,-3972.93, 7306.60
 5801.54,-5090.14, 7055.67
 7680.32,-5827.30, 8691.67
 7272.29,-7589.61, 8570.08
 6633.36,-8024.29,11261.17
 7446.29,-8274.21,14120.33
 7264.78,-9532.13,12942.16
 8610.46,-8503.59,14038.84
 8742.73,-8600.19,12459.45
 9808.20,-8317.38,14358.57
 9905.13,-9028.16,13752.31
10661.93,-10229.54,14985.54
10203.21,-11041.33,12237.89
12228.56,-11997.74,13339.52
11930.26,-10585.85,12419.15
11831.32,-10581.99,11528.35
11922.36,-10497.70, 8621.36
13319.21,-8142.39, 6794.77
12029.12,-6109.78,  152.92
10901.91,-5135.92,-4421.97
10367.68,-5254.31,-3778.58
 8078.98,-4070.53,-4842.80
 7267.54,-5073.62,-6146.27
 8780.20,-3304.32,-3170.33
 7840.24,-3119.42,-3644.90
 7713.12,   34.86,-3125.19
 7287.48,-3837.99,-4917.17
 7854.51,-3056.20,-3473.08
 5942.80,-1851.38,-4510.59
 6499.21,  663.52,-3300.72
 8121.94,-3812.57,-2018.44
 6094.60,-2325.17,-3803.16
 5840.94,-3558.46,-4590.75
 2912.58,-1711.23,-6642.43
 4747.43,  560.98,-5700.79
 3974.08,  817.06,-9039.81
 5185.80, 3645.98,-8667.04
 5835.10, 1893.61,-10251.00
 5424.14, -210.26,-13365.49
 6439.06, 3660.13,-10592.19
 6141.75, 4187.57,-11578.01
 5448.61, 1683.09,-13699.94
 6765.14,   92.28,-13014.15
 8280.74,  910.82,-11603.59
 9209.05, -129.99,-10868.62
 6919.87,   -1.43,-13494.73
 7807.87, 1527.89,-12273.39
 8742.90, 1493.89,-11293.91
 9758.63,-1537.77,-12093.72
 9998.66,  515.56,-10478.24
10801.19,-1261.03,-11168.13
11738.08, -563.47,-11437.10
12112.56,  504.44,-10406.91
11613.20,  -54.98,-12298.55
11302.37,  308.76,-11834.75
11932.13,-3580.78,-13152.57
12204.20,  567.28,-10693.68
12834.96,  837.87,-9257.66
13471.89, -710.84,-10078.88
14025.26, -161.05,-9494.08
14799.38, -664.94,-7841.33
13953.06,-1041.13,-7482.98
14448.15, -871.34,-4027.49
12366.62,-2916.08,-6385.09
12088.59,-4457.70,-5025.16
12214.05,-3563.87,-1602.72
11125.77,-4782.10, -109.34
12184.28,-7290.90, 2040.79
11271.20,-6738.11, 3846.70
 6937.09,-8695.02, 2005.62
-9296.85,-5777.97, -730.97
-9222.64,-6798.27, 1744.55
-8724.79,-7314.33, 3760.26
-9242.79,-7528.74, 3512.14
-8491.01,-6543.44, 6315.74
-9334.51,-9455.40, 3295.65
-11236.43,-6795.37, 3623.56
-12207.50,-5225.37, 1625.83
-10594.33,-5472.26, 2615.87
-10709.20,-5290.18, 3490.09
-12146.47,-2908.08, 2250.99
-14012.67,-5487.05, -154.87
-12802.87,-5346.46, 1399.69
-10705.69,-6076.51, 3671.73
-13313.18,-2590.94, 1212.18
-13989.90,-2980.52, -298.91
-13554.27,-1909.90, 1600.80
-13990.55,-3770.84,-1735.21
-11570.74,-2756.90, -808.79
-12327.34,-1913.36,-1731.01
-12917.02,  135.62,-2956.99
-14128.63, 1499.02,-4506.26
-13796.28,  265.64,-6181.05
-15749.23, -824.47,-10174.11
-17520.74, 2431.18,-10236.37
-18243.04, 3775.70,-10009.16
-19008.80, 2677.91,-7493.56
-16951.75,  314.95,-2248.54
-16245.43,  812.70, 2101.13
-14861.09, -580.39, 5084.88
-14121.82,-2028.48, 5150.98
-15340.75,-1743.36, 1173.57
-13386.30,-1960.65, 2978.01
-13129.09,-4415.66,  321.41
-13674.53,-4017.39,-2703.62
-13523.05,-5532.51,-4993.48
-11666.95,-5728.86,-5640.52
-12664.18,-3017.58,-9229.73
-10663.53,-1424.03,-7409.15
  820.37,-2780.25,-4306.04
  720.79,  278.49,-8808.74
 1381.54,-1498.05,-11778.08
 2554.15,-1333.81,-11805.47
 1004.02, 1882.90,-14417.58
  922.19, 3220.88,-16509.69
 1629.42, 2153.88,-15659.06
-1060.72, 2513.86,-18909.25
-1728.96, 4714.91,-17428.48
-1771.05, 3279.79,-17573.08
-2837.65, 5012.50,-16720.79
-3945.79, 5753.30,-15575.88
-5856.32, 5715.85,-16367.82
-5355.08, 5490.12,-15228.79
-5624.09, 4452.15,-15812.04
-5396.78, 4577.25,-13937.38
-5999.51, 6279.83,-12965.83
-6127.73, 6126.24,-11204.19
-4114.19, 6868.76,-7215.42
-6132.27, 5468.53,-9640.63
-7702.02, 5883.62,-7494.99
-7386.26, 2761.69,-5474.14
-6583.39, 1933.48,-2730.14
-5440.46, 5317.63,   27.62
-5826.25, 4194.85, -615.97
-4250.94, 4566.52, 1477.47
-4523.08, 1030.46,  143.27
-5068.82,-1167.85,-1202.32
-3958.60, -575.81,-1160.88
-3005.98,-2120.08,-1389.52
-3643.63,-2080.55,-1257.30
-4188.51,  -94.08,-2594.55
-2762.19,-4298.75,-2034.01
-2981.60,-4566.38,-3855.18
  359.03,-2783.50,  439.30
 1015.61,-5747.54,-1217.67
  631.88,-6682.46,-1925.49
 3620.09,-8962.67, -626.33
 1598.01,-5401.33,-2849.01
 1342.98,-3796.60,-3379.22
 2499.89,-5568.94,-3705.83
 1859.77,-3391.95,-5063.85
 3559.68,-3703.92,-2545.86
 3479.18,-6201.62,-2838.22
 4873.09,-4172.01,  267.49
 3972.82,-5057.63,  371.39
 2749.98,-6875.46,  636.99
-8886.24,-4436.61,-1923.58
-9405.26,-4857.16,  387.47
-9402.33,-5753.52, 2566.40
-7036.91,-6528.64, 6730.59
-8012.49,-7133.08, 6792.25
-10657.01,-6310.19, 4741.51
-9876.09,-7750.11, 5136.73
-11195.09,-7867.06, 5136.29
-10868.04,-8272.43, 7525.29
-12350.36,-6188.84, 6833.77
-11015.15,-7258.50, 8436.42
-12304.55,-4752.91, 8721.60
-11386.92,-6110.31, 9592.28
-13699.95,-6805.96, 7427.13
-15270.41,-5385.67, 6330.82
-13802.08,-4881.52, 8915.37
-13025.31,-6418.38, 8129.24
-14368.96,-6980.25, 5658.52
-12272.63,-4188.80,11496.25
-13527.60,-4882.07, 9053.55
-15938.30,-3621.48, 7123.80
-14574.14,-1621.01, 8389.73
-14853.71,-2682.86, 5197.00
-16182.36, -434.43, 4401.05
-14577.18,  259.09, 5589.08
-16899.35,-1194.37, 3931.41
-16745.51,-1294.44, 3701.40
-17169.30, 2032.64, 3421.02
-16583.55, 1764.47, 2533.52
-16567.21, 1961.16,-1103.20
-8117.32, 1449.21,-1187.08
-7131.08, 3794.01,-1443.69
-7548.88, 4142.91,-3796.48
-7563.17, 4265.56,-4841.51
-7590.55, 1751.86,-6190.14
-5876.05, 2582.97,-4683.95
-4051.99, -891.63,-3244.07
-5629.47,  770.49,-5081.04
-4130.02,-1588.64,-4658.39
-3020.96,-3839.80,-5558.03
-2290.21,-1076.97,-3289.23
-1877.09,-4720.63,-2873.13
-3683.39,-1690.34,-5269.35
-3269.03,-1957.83,-3786.29
-2681.74,-1429.31,-3488.05
 -667.69,-3678.50,-2813.80
 -184.17,-2555.20,-2338.95
-1724.67,-5417.60,-6597.48
  213.33,-2333.48,-4331.01
 -522.18,-1217.78,-5088.37
  182.32,-3077.09,-6483.02
  721.56,-2576.62,-7505.44
